    PID %CPU %MEM
      1  0.1  0.3
      2  0.0  0.0
      3  0.0  0.0
      4  0.0  0.0
      5  0.0  0.0
      7  0.0  0.0
      9  0.0  0.0
     10  0.0  0.0
     11  0.0  0.0
     12  0.0  0.0
     13  0.1  0.0
     14  0.0  0.0
     15  0.0  0.0
     17  0.0  0.0
     18  0.0  0.0
     19  0.0  0.0
     20  0.0  0.0
     21  0.0  0.0
     23  0.0  0.0
     24  0.0  0.0
     25  0.0  0.0
     26  0.0  0.0
     27  0.0  0.0
     29  0.0  0.0
     30  0.0  0.0
     31  0.0  0.0
     32  0.0  0.0
     33  0.0  0.0
     35  0.0  0.0
     36  0.0  0.0
     37  0.0  0.0
     38  0.0  0.0
     39  0.0  0.0
     41  0.0  0.0
     42  0.0  0.0
     43  0.0  0.0
     44  0.0  0.0
     45  0.1  0.0
     47  0.0  0.0
     48  0.0  0.0
     49  0.0  0.0
     50  0.0  0.0
     51  0.0  0.0
     52  0.0  0.0
     53  0.0  0.0
     54  0.0  0.0
     55  0.0  0.0
     56  0.0  0.0
     72  0.1  0.0
    107  0.0  0.0
    108  0.0  0.0
    109  0.0  0.0
    110  0.0  0.0
    111  0.0  0.0
    112  0.0  0.0
    113  0.0  0.0
    114  0.0  0.0
    115  0.0  0.0
    117  0.0  0.0
    119  0.1  0.0
    120  0.0  0.0
    122  0.0  0.0
    123  0.0  0.0
    125  0.0  0.0
    126  0.0  0.0
    127  0.0  0.0
    128  0.0  0.0
    130  0.0  0.0
    131  0.0  0.0
    132  0.0  0.0
    133  0.0  0.0
    136  0.0  0.0
    145  0.0  0.0
    148  0.0  0.0
    149  0.0  0.0
    154  0.0  0.0
    179  0.0  0.0
    201  0.0  0.0
    213  0.0  0.0
    214  0.0  0.0
    217  0.0  0.0
    243  0.0  0.0
    244  0.0  0.0
    285  0.0  0.6
    338  0.0  0.1
    347  0.0  0.0
    348  0.0  0.0
    349  0.0  0.0
    350  0.0  0.0
    351  0.0  0.0
    352  0.0  0.0
    353  0.0  0.0
    354  0.0  0.0
    355  0.0  0.0
    356  0.0  0.0
    357  0.0  0.0
    399  0.0  0.0
    594  0.0  0.3
    743  0.0  0.1
    747  0.0  0.2
    748  0.0  0.0
    751  0.1  0.1
    752  0.0  0.0
    753  0.0  0.2
    754  0.0  0.4
    761  0.0  0.1
    768  0.0  0.5
    770  0.0  0.3
    772  0.0  0.2
    779  0.0  0.2
    806  0.0  0.2
    807  0.0  0.3
    809  0.0  0.1
    817  0.0  0.0
    902  0.0  0.2
    922  0.0  0.5
    936  0.0  0.3
    956  0.0  0.3
    962  0.0  0.0
    966  0.0  0.0
   1146  0.0  0.1
   1158  0.0  0.2
   1163  0.0  0.3
   1168  0.0  0.3
   1169  0.0  0.0
   1175  0.0  0.1
   1176  0.0  0.1
   1177  0.0  0.6
   1186  0.0  0.0
   1206  0.0  0.2
   1208  0.0  0.2
   1214  0.0  0.2
   1216  0.0  0.2
   1222  0.0  0.1
   1227  0.0  0.1
   1231  0.0  0.0
   1234  0.0  0.1
   1243  0.0  0.3
   1293  0.1  0.6
   1299  0.0  0.1
   1314  0.0  0.3
   1322  0.0  0.2
   1329  0.0  0.2
   1340  0.0  0.2
   1345  0.0  0.2
   1350  0.0  0.4
   1359  0.0  0.2
   1365  0.0  0.1
   1368 10.8 12.1
   1383  0.0  0.2
   1393  0.0  0.2
   1401  0.0  0.2
   1465  0.0  0.2
   1537  0.0  0.3
   1541  0.0  0.5
   1548  0.0  0.2
   1555  0.0  0.4
   1560  0.0  0.1
   1570  0.0  0.5
   1573  0.0  1.3
   1584  0.0  0.5
   1595  0.0  0.2
   1612  0.0  0.1
   1613  0.0  0.5
   1628  0.0  0.0
   1630  0.6  0.2
   1632  0.0  0.1
   1633  0.0  0.6
   1634  0.0  0.3
   1635  0.0  0.2
   1636  0.0  0.6
   1638  0.0  0.6
   1642  0.0  0.6
   1643  0.0  0.3
   1645  0.0  0.1
   1646  0.0  0.1
   1651  0.0  0.2
   1658  0.0  0.2
   1666  0.0  0.2
   1672  0.0  0.6
   1692  0.0  0.1
   1694  0.0  0.7
   1704  0.0  0.2
   1709  0.0  0.2
   1728  0.0  0.0
   1731  0.0  0.4
   1737  0.0  1.1
   1768  0.0  0.0
   1769  0.0  0.0
   1775  0.0  0.0
   1776  0.8  0.0
   1783  0.0  0.0
   1784  0.0  0.0
   1815  0.2  0.9
   1817  0.0  0.3
   1833  0.0  4.2
   1874  0.1  0.1
   1946  0.0  0.6
   1967  0.0  0.8
   1979  0.0  0.3
   2002  0.0  0.5
   2051  0.0  0.6
   2109  0.0  0.2
   2843  0.0  0.6
   3701  1.0  1.4
   3960  0.1  1.8
   5526  0.0  0.0
   5919  0.0  0.4
  11140  0.0  0.1
  11824  0.2  0.1
  13095  0.0  0.8
  33529  0.0  0.0
  33577  0.0  0.0
  34020  0.0  0.2
  34169  0.0  0.1
  34283  0.6  4.9
  34285  0.0  1.5
  34286  0.0  1.5
  34299  0.0  0.0
  34326  0.0  2.1
  34368  2.2  7.3
  34438  0.7  2.1
  34456  0.2  4.4
  34470  0.2  3.3
  34484  0.0  2.4
  34506  0.0  0.0
  34514  0.1  2.4
  34573  0.0  0.0
  36148  0.0  0.0
  36211  0.0  0.0
  36774  0.0  0.1
  36776  0.0  0.2
  36779  0.0  0.0
  36795  0.0  0.1
  37792  0.0  0.0
  38426  0.0  0.2
  38751  0.0  0.0
  39484  0.2  0.0
  39914  0.0  0.2
  40137  0.3  0.0
  40502  0.3  0.0
  40883  0.0  0.0
  40915  0.0  0.0
  41035  0.1  0.0
  41036  0.0  0.2
  41062  0.0  0.2
  41134  0.0  0.2
  41135  0.0  0.0
  41136  0.0  0.1
  41146  0.0  0.0
  41210  0.0  0.1
  41211  0.0  0.0
  41212  0.0  0.1
  41214  0.0  0.0
